1000
136 0.0280443000
30 0.1061680000
103 0.0340538000
799 0.0080126600
500 0.0721139000
256 0.0961519000
522 0.1161840000
613 0.0801266000
482 0.0881393000
528 0.1282030000
692 0.0661044000
106 0.1101740000
775 0.1382180000
559 0.0881393000
415 0.1001580000
238 0.0741171000
490 0.1101740000
375 0.0901424000
466 0.0200317000
245 0.1402220000
516 0.0060095000
732 0.0600950000
9 0.0060095000
38 0.1582500000
800 0.1382180000
135 0.1582500000
183 0.0881393000
124 0.1302060000
510 0.0841329000
75 0.0741171000
721 0.1141800000
198 0.1101740000
457 0.1802850000
375 0.0520823000
548 0.1161840000
156 0.1542440000
631 0.0500791000
269 0.1362150000
769 0.1362150000
312 0.1362150000
348 0.1662630000
212 0.1041650000
770 0.1502370000
322 0.1041650000
770 0.1903010000
384 0.1522410000
111 0.0801266000
12 0.0981551000
758 0.0400633000
129 0.1001580000
608 0.0360570000
25 0.1482340000
412 0.0620981000
616 0.1442280000
63 0.0100158000
411 0.1021610000
303 0.0040063300
597 0.0961519000
86 0.0300475000
12 0.1903010000
672 0.0721139000
358 0.1422250000
561 0.0040063300
328 0.1542440000
733 0.1923040000
308 0.0220348000
35 0.0100158000
115 0.1442280000
129 0.1562470000
3 0.1442280000
778 0.0801266000
476 0.0260411000
214 0.0460728000
747 0.1322090000
350 0.1282030000
536 0.1382180000
682 0.0821298000
12 0.1101740000
547 0.0340538000
192 0.1221930000
140 0.1121770000
354 0.1722720000
216 0.1722720000
551 0.0761203000
170 0.1141800000
630 0.1802850000
514 0.1762790000
24 0.0200317000
427 0.1782820000
599 0.0040063300
35 0.0100158000
650 0.0500791000
157 0.0500791000
148 0.0120190000
529 0.1061680000
441 0.1442280000
7 0.0320506000
563 0.1161840000
107 0.0881393000
135 0.0921456000
566 0.1622560000
84 0.0701108000
163 0.1161840000
331 0.1121770000
383 0.2003170000
64 0.1462310000
66 0.0480760000
264 0.0801266000
75 0.0540855000
612 0.0821298000
7 0.1041650000
215 0.0701108000
518 0.1562470000
223 0.1802850000
317 0.1442280000
239 0.1742750000
404 0.1582500000
30 0.1201900000
262 0.1923040000
30 0.1362150000
629 0.0260411000
648 0.2003170000
231 0.0881393000
337 0.0741171000
795 0.1141800000
759 0.1923040000
329 0.0180285000
354 0.0500791000
522 0.1061680000
435 0.1041650000
488 0.1402220000
639 0.1722720000
70 0.0761203000
202 0.1582500000
521 0.0821298000
4 0.0741171000
617 0.1021610000
587 0.1282030000
620 0.0560886000
692 0.0580918000
750 0.1121770000
626 0.0641013000
458 0.1261990000
19 0.0681076000
400 0.0420665000
774 0.0701108000
257 0.0400633000
4 0.1983130000
4 0.0921456000
70 0.0300475000
33 0.0360570000
184 0.1161840000
718 0.1342120000
616 0.1221930000
72 0.0941488000
264 0.0460728000
574 0.1141800000
400 0.1101740000
617 0.1983130000
647 0.1221930000
386 0.1161840000
657 0.1362150000
37 0.0921456000
7 0.1903010000
410 0.0921456000
558 0.1722720000
11 0.1662630000
227 0.0961519000
696 0.0040063300
630 0.1241960000
470 0.0580918000
197 0.0180285000
7 0.1862940000
127 0.1822880000
216 0.0841329000
407 0.0260411000
452 0.1542440000
24 0.0260411000
410 0.1282030000
455 0.1482340000
94 0.1602530000
794 0.1622560000
190 0.1682660000
363 0.1963100000
609 0.1882980000
261 0.0600950000
626 0.1442280000
735 0.0040063300
660 0.0721139000
443 0.1422250000
133 0.1241960000
245 0.1862940000
651 0.1802850000
170 0.1201900000
252 0.0781234000
260 0.1762790000
279 0.1943070000
614 0.1462310000
38 0.0701108000
174 0.1963100000
795 0.0681076000
507 0.0300475000
722 0.0140222000
1 0.1582500000
633 0.1161840000
137 0.2003170000
407 0.1822880000
285 0.0681076000
513 0.1302060000
16 0.0120190000
291 0.1201900000
606 0.1923040000
10 0.0781234000
481 0.0861361000
168 0.1862940000
170 0.0641013000
741 0.1442280000
345 0.0320506000
104 0.0661044000
153 0.0140222000
787 0.1722720000
589 0.0921456000
749 0.1021610000
189 0.1522410000
758 0.0100158000
552 0.0821298000
449 0.1261990000
236 0.0040063300
365 0.1302060000
486 0.0981551000
761 0.1021610000
359 0.1963100000
545 0.1282030000
682 0.0180285000
712 0.1522410000
377 0.0420665000
19 0.0180285000
318 0.0380601000
213 0.0120190000
531 0.0500791000
686 0.0480760000
56 0.1302060000
688 0.1442280000
247 0.1241960000
88 0.1181870000
407 0.1282030000
416 0.1862940000
380 0.1642600000
751 0.1582500000
72 0.1542440000
532 0.1762790000
290 0.0340538000
660 0.0460728000
481 0.1802850000
478 0.1842910000
169 0.0540855000
584 0.1642600000
478 0.0120190000
404 0.0560886000
501 0.0921456000
516 0.1081710000
716 0.0620981000
411 0.0881393000
260 0.1382180000
597 0.0781234000
322 0.1422250000
188 0.1782820000
167 0.1983130000
640 0.1782820000
401 0.0941488000
249 0.0460728000
525 0.1302060000
8 0.1261990000
136 0.1882980000
771 0.0520823000
95 0.0440696000
542 0.0180285000
738 0.1422250000
474 0.0060095000
45 0.0801266000
9 0.1983130000
558 0.0861361000
334 0.1121770000
220 0.0420665000
590 0.1682660000
11 0.1983130000
388 0.2003170000
373 0.1322090000
489 0.0080126600
343 0.1582500000
73 0.1261990000
556 0.0180285000
258 0.0180285000
484 0.0120190000
15 0.1562470000
55 0.0961519000
5 0.0580918000
202 0.0360570000
221 0.0921456000
196 0.0340538000
154 0.1282030000
22 0.0420665000
720 0.0661044000
161 0.1582500000
157 0.1322090000
242 0.0220348000
607 0.2003170000
251 0.1502370000
180 0.1622560000
281 0.1081710000
295 0.0280443000
540 0.1582500000
390 0.0961519000
180 0.0420665000
760 0.1041650000
179 0.1682660000
190 0.0380601000
699 0.1021610000
551 0.0020031700
230 0.1482340000
242 0.0580918000
624 0.1261990000
785 0.1642600000
499 0.0761203000
659 0.1382180000
799 0.0220348000
105 0.0741171000
663 0.0981551000
553 0.0580918000
326 0.1642600000
59 0.0340538000
706 0.0881393000
347 0.1081710000
330 0.1001580000
419 0.0440696000
55 0.0400633000
572 0.1201900000
225 0.1462310000
657 0.1882980000
751 0.1842910000
57 0.1582500000
503 0.1181870000
42 0.0440696000
446 0.0520823000
682 0.0620981000
1 0.1462310000
624 0.1221930000
424 0.0020031700
700 0.1502370000
375 0.1221930000
653 0.1482340000
493 0.1121770000
550 0.0480760000
190 0.0140222000
191 0.0901424000
408 0.0881393000
540 0.0360570000
296 0.1622560000
622 0.1842910000
292 0.1963100000
173 0.0280443000
232 0.0160253000
550 0.0821298000
71 0.1362150000
562 0.1141800000
168 0.0300475000
477 0.0781234000
333 0.1362150000
392 0.0781234000
686 0.1682660000
635 0.1181870000
1 0.0340538000
388 0.0841329000
676 0.1622560000
446 0.1903010000
270 0.0480760000
229 0.0100158000
622 0.1101740000
693 0.0480760000
480 0.0641013000
196 0.0320506000
97 0.1943070000
172 0.1742750000
297 0.0781234000
638 0.0060095000
714 0.0620981000
256 0.1642600000
730 0.1442280000
561 0.1261990000
77 0.1462310000
573 0.1382180000
285 0.1522410000
309 0.0641013000
322 0.1241960000
707 0.1903010000
422 0.1782820000
489 0.0560886000
736 0.0661044000
306 0.1121770000
433 0.1322090000
621 0.0320506000
492 0.1342120000
433 0.1662630000
208 0.0180285000
719 0.1983130000
430 0.1542440000
29 0.0641013000
147 0.0060095000
251 0.0620981000
273 0.1101740000
178 0.1722720000
798 0.0921456000
722 0.0060095000
701 0.1442280000
646 0.0721139000
559 0.1161840000
615 0.1081710000
101 0.1382180000
40 0.0580918000
727 0.0320506000
530 0.1862940000
613 0.1963100000
212 0.0881393000
390 0.0500791000
134 0.0220348000
118 0.0761203000
11 0.1302060000
175 0.0761203000
53 0.0460728000
668 0.1442280000
159 0.0060095000
225 0.0761203000
359 0.0761203000
143 0.1702690000
433 0.1983130000
277 0.0721139000
572 0.0260411000
13 0.0600950000
776 0.1822880000
375 0.0881393000
286 0.0741171000
153 0.1522410000
372 0.0821298000
559 0.1822880000
54 0.2003170000
570 0.0580918000
669 0.0961519000
220 0.1061680000
670 0.1943070000
709 0.1542440000
146 0.1382180000
751 0.1802850000
521 0.0520823000
709 0.0240380000
340 0.1322090000
206 0.0721139000
379 0.0020031700
702 0.0600950000
732 0.0500791000
431 0.0460728000
569 0.0020031700
90 0.0540855000
208 0.0260411000
127 0.0781234000
232 0.1282030000
192 0.0220348000
404 0.0520823000
356 0.1522410000
204 0.0801266000
731 0.1362150000
730 0.0380601000
41 0.0560886000
83 0.1923040000
653 0.0240380000
599 0.0380601000
488 0.1903010000
422 0.0801266000
20 0.1322090000
707 0.0941488000
644 0.1762790000
728 0.1882980000
405 0.1342120000
594 0.1542440000
800 0.0380601000
313 0.0600950000
486 0.0841329000
557 0.0120190000
691 0.0620981000
387 0.0460728000
489 0.0600950000
674 0.1061680000
508 0.0480760000
578 0.0180285000
81 0.1302060000
634 0.0280443000
362 0.1442280000
272 0.0540855000
589 0.0781234000
717 0.0941488000
475 0.0380601000
519 0.1181870000
198 0.0360570000
68 0.0921456000
154 0.1081710000
402 0.0580918000
666 0.0320506000
641 0.0961519000
376 0.0400633000
237 0.0681076000
100 0.0921456000
219 0.0140222000
164 0.0540855000
504 0.1302060000
364 0.0721139000
515 0.1963100000
16 0.1882980000
401 0.0580918000
272 0.1101740000
707 0.1522410000
340 0.0080126600
760 0.0741171000
580 0.1622560000
47 0.0540855000
537 0.0901424000
212 0.1943070000
680 0.0801266000
450 0.0320506000
483 0.0480760000
21 0.0600950000
366 0.1241960000
509 0.0841329000
91 0.1762790000
115 0.0620981000
576 0.0781234000
244 0.0821298000
517 0.1181870000
794 0.0140222000
437 0.0801266000
92 0.0600950000
230 0.0801266000
536 0.0761203000
662 0.1782820000
746 0.0360570000
239 0.0040063300
577 0.1522410000
460 0.1342120000
606 0.0941488000
178 0.1121770000
731 0.0440696000
512 0.0460728000
517 0.1181870000
690 0.1161840000
643 0.1101740000
563 0.1702690000
779 0.0040063300
54 0.1021610000
794 0.1522410000
428 0.1382180000
536 0.1482340000
366 0.0120190000
346 0.0600950000
245 0.1342120000
457 0.1862940000
12 0.1221930000
372 0.0120190000
700 0.1722720000
80 0.1422250000
365 0.0240380000
336 0.0500791000
171 0.1061680000
147 0.0060095000
423 0.0280443000
384 0.0821298000
92 0.0400633000
661 0.0300475000
161 0.1362150000
551 0.0781234000
467 0.1241960000
690 0.0460728000
34 0.0240380000
530 0.0721139000
758 0.1642600000
723 0.1382180000
725 0.1802850000
72 0.0360570000
253 0.0440696000
778 0.0801266000
417 0.1882980000
233 0.1802850000
66 0.1322090000
783 0.1021610000
130 0.1422250000
662 0.1682660000
439 0.1903010000
141 0.1662630000
233 0.0821298000
690 0.1602530000
221 0.0120190000
150 0.0080126600
578 0.1141800000
743 0.0200317000
296 0.0120190000
200 0.1402220000
679 0.0040063300
387 0.1562470000
413 0.0741171000
391 0.1382180000
489 0.0320506000
431 0.1001580000
280 0.1822880000
522 0.0540855000
512 0.0741171000
589 0.0480760000
797 0.0941488000
436 0.0520823000
660 0.1882980000
601 0.0400633000
414 0.0340538000
276 0.0781234000
33 0.1221930000
31 0.0681076000
610 0.1782820000
514 0.1662630000
692 0.0360570000
248 0.1662630000
207 0.0360570000
124 0.1161840000
490 0.0300475000
779 0.0460728000
625 0.1241960000
267 0.0460728000
273 0.1682660000
120 0.0380601000
18 0.0881393000
151 0.1702690000
58 0.0961519000
430 0.1602530000
541 0.1061680000
99 0.1261990000
412 0.1622560000
372 0.1903010000
620 0.0821298000
124 0.0340538000
160 0.1422250000
168 0.0781234000
559 0.0841329000
371 0.1282030000
769 0.1161840000
524 0.0220348000
199 0.0040063300
1 0.1402220000
554 0.0881393000
8 0.0841329000
67 0.1061680000
445 0.0260411000
608 0.1522410000
273 0.1402220000
121 0.0460728000
297 0.1802850000
251 0.0881393000
297 0.0721139000
115 0.0240380000
523 0.0540855000
769 0.1081710000
132 0.1121770000
226 0.1261990000
26 0.0040063300
114 0.1742750000
766 0.0300475000
476 0.0320506000
525 0.1362150000
690 0.1221930000
296 0.0180285000
200 0.1682660000
401 0.1662630000
15 0.1983130000
759 0.1562470000
772 0.0921456000
783 0.0180285000
34 0.1762790000
522 0.1983130000
336 0.1562470000
588 0.1662630000
529 0.1842910000
402 0.1642600000
584 0.0961519000
688 0.1362150000
226 0.0060095000
256 0.1402220000
536 0.1141800000
476 0.0921456000
553 0.1141800000
650 0.0420665000
550 0.0480760000
521 0.1241960000
334 0.0560886000
775 0.1722720000
98 0.0300475000
447 0.0280443000
293 0.1041650000
574 0.0620981000
523 0.0661044000
182 0.1302060000
421 0.1822880000
275 0.0340538000
134 0.0941488000
435 0.0821298000
585 0.0921456000
457 0.0901424000
770 0.0981551000
618 0.1702690000
178 0.1903010000
305 0.1582500000
757 0.0380601000
259 0.1742750000
258 0.1201900000
541 0.1322090000
146 0.1081710000
483 0.1261990000
348 0.1742750000
682 0.1241960000
510 0.1201900000
100 0.1903010000
83 0.1642600000
259 0.1682660000
172 0.1141800000
416 0.1221930000
586 0.0420665000
622 0.1422250000
414 0.1502370000
78 0.0500791000
395 0.1061680000
489 0.1181870000
611 0.1782820000
367 0.0861361000
763 0.0540855000
744 0.1742750000
353 0.1682660000
547 0.1442280000
401 0.0620981000
322 0.1682660000
364 0.1121770000
130 0.0520823000
178 0.1241960000
673 0.1502370000
388 0.1282030000
435 0.0440696000
765 0.1842910000
86 0.0340538000
469 0.1682660000
312 0.0620981000
767 0.1562470000
178 0.1903010000
764 0.0500791000
49 0.0240380000
789 0.1562470000
135 0.0661044000
17 0.1442280000
574 0.1021610000
756 0.0080126600
430 0.1963100000
203 0.0540855000
702 0.1121770000
118 0.1141800000
365 0.0300475000
620 0.1021610000
80 0.1662630000
660 0.0020031700
173 0.1722720000
626 0.0140222000
260 0.1682660000
46 0.1382180000
542 0.1241960000
742 0.1221930000
224 0.0620981000
414 0.1762790000
329 0.0480760000
210 0.0080126600
378 0.0641013000
414 0.1842910000
231 0.0781234000
241 0.0280443000
732 0.0420665000
760 0.0661044000
204 0.0761203000
333 0.0641013000
748 0.1261990000
691 0.0460728000
349 0.1121770000
73 0.0260411000
198 0.0520823000
330 0.0100158000
627 0.0781234000
100 0.1622560000
448 0.0260411000
191 0.0100158000
719 0.1662630000
79 0.0961519000
51 0.1141800000
443 0.1362150000
705 0.1081710000
662 0.1842910000
489 0.0741171000
798 0.1342120000
603 0.1041650000
712 0.1342120000
763 0.0140222000
484 0.1502370000
473 0.1402220000
340 0.1802850000
449 0.1322090000
703 0.0160253000
580 0.0060095000
381 0.1742750000
663 0.1842910000
336 0.1842910000
265 0.1402220000
162 0.1081710000
226 0.0280443000
165 0.1542440000
587 0.0360570000
423 0.0781234000
494 0.1642600000
413 0.1121770000
522 0.1442280000
141 0.0921456000
156 0.0240380000
793 0.1081710000
220 0.1862940000
206 0.0420665000
435 0.0440696000
476 0.1963100000
419 0.0240380000
123 0.0200317000
25 0.0340538000
574 0.1282030000
386 0.0560886000
787 0.0460728000
257 0.1802850000
411 0.0981551000
326 0.0240380000
705 0.0160253000
665 0.0160253000
457 0.1322090000
637 0.0921456000
79 0.1983130000
792 0.1141800000
101 0.1342120000
241 0.1061680000
569 0.1422250000
265 0.0881393000
27 0.1402220000
192 0.1221930000
311 0.1542440000
791 0.1562470000
265 0.0641013000
451 0.1482340000
146 0.0821298000
609 0.0761203000
222 0.0380601000
703 0.1221930000
244 0.0220348000
249 0.0320506000
674 0.1462310000
718 0.0400633000
273 0.1682660000
447 0.1762790000
656 0.0941488000
259 0.1161840000
703 0.0580918000
266 0.0941488000
136 0.0420665000
159 0.0721139000
482 0.1081710000
145 0.1722720000
796 0.0661044000
561 0.1041650000
488 0.0861361000
448 0.2003170000
1 0.1121770000
257 0.1302060000
265 0.0861361000
379 0.0520823000
800 0.0500791000
575 0.1422250000
369 0.1101740000
616 0.0180285000
577 0.0881393000
67 0.1903010000
425 0.1963100000
351 0.1241960000
769 0.0160253000
220 0.0160253000
599 0.0600950000
642 0.1602530000
489 0.1582500000
424 0.0260411000
288 0.0380601000
344 0.1542440000
234 0.1422250000
542 0.0941488000
161 0.0460728000
722 0.1822880000
253 0.0701108000
195 0.1522410000
66 0.0580918000
600 0.1342120000
755 0.1582500000
105 0.0460728000
247 0.1322090000
307 0.0701108000
713 0.1742750000
63 0.1201900000
685 0.0240380000
712 0.1261990000
189 0.0600950000
605 0.0360570000
528 0.0460728000
318 0.1482340000
671 0.1282030000
504 0.0400633000
668 0.1742750000
192 0.1422250000
275 0.1582500000
18 0.0320506000
385 0.1001580000
763 0.1141800000
441 0.0580918000
225 0.0400633000
659 0.0661044000
675 0.1021610000
766 0.1342120000
371 0.0140222000
148 0.1862940000
570 0.0020031700
565 0.0681076000
213 0.0420665000
369 0.1342120000
519 0.0260411000
669 0.0861361000
168 0.1702690000
25 0.1983130000
582 0.0580918000
230 0.0881393000
261 0.1241960000
493 0.0881393000
771 0.1482340000
66 0.0620981000
572 0.1322090000
288 0.1983130000
288 0.1882980000
627 0.1722720000
155 0.1702690000
479 0.1302060000
101 0.0320506000
524 0.0020031700
64 0.1322090000
64 0.1462310000
165 0.1622560000
640 0.1722720000
274 0.1141800000
391 0.0620981000
605 0.0080126600
644 0.1282030000
538 0.0460728000
375 0.0080126600
409 0.1943070000
302 0.1923040000
295 0.0440696000
479 0.1221930000
170 0.0761203000
462 0.1161840000
504 0.0220348000
303 0.0380601000
244 0.0040063300
316 0.0480760000
348 0.0280443000
214 0.1502370000
381 0.1081710000
119 0.1582500000
501 0.0500791000
221 0.0961519000
298 0.0320506000
207 0.0180285000
699 0.0240380000
398 0.0641013000
730 0.0180285000
314 0.0580918000
13 0.1121770000
446 0.0821298000
153 0.0280443000
286 0.0240380000
388 0.1422250000
310 0.1382180000
130 0.0540855000
477 0.0921456000
236 0.0480760000
90 0.1522410000
778 0.0821298000
530 0.0921456000